
511999952000013.000000

913

511999920000015.500000

635

511999920000015.875000

531

511999856000023.062500

535

511999824000028.000000

617

511999920000015.875000

674

511999856000022.875000

590

511999728000048.687500

499

511999824000027.812500

576

511999664000067.875000

519

511999664000067.937500

585

511999728000049.000000

524

511999792000034.000000

581

511999856000023.125000

447

511999824000028.125000

555

511999472000149.125000

513

511999472000149.187500

495

511999536000118.250000

507

511999664000068.375000

638

511999344000223.250000

516

511999632000079.437500

497

511999664000068.375000

435

511999728000049.375000

672

511999728000049.625000

502

511999184000338.500000

524

511999792000034.500000

651

511999824000028.687500

533

511999856000023.750000

569

511999728000049.625000

546

511999344000223.500000

598

511999920000016.750000

615

511998960000541.875000

478
