Bourder_Screen
a= -2
b= 2
c= -2
d= 2
n= 39
Bourder_Level
-1.9 -1.8 -1.7 -1.6 -1.5 -1.4 -1.3 -1.2 -1.1 -1 -0.9 -0.8 -0.7 -0.6 -0.5 -0.4 -0.3 -0.2 -0.1 0.01 0.1 0.2 0.3 0.4 0.5 0.6 0.7 0.8 0.9 1 1.1 1.2 1.3 1.4 1.5 1.6 1.7 1.8 1.9
Colors_Level

0 0 0
0 0 0
0 0 0
0 0 0
0 0 0
0 0 0
0 0 0
0 0 0
0 0 0
0 0 0
0 0 0
0 0 0
0 0 0
0 0 0
0 0 0
0 0 0
0 0 0
0 0 0
0 0 0
0 0 0
0 0 0
0 0 0
0 0 0
0 0 0
0 0 0
0 0 0
0 0 0
0 0 0
0 0 0
0 0 0
0 0 0
0 0 0
0 0 0
0 0 0
0 0 0
0 0 0
0 0 0
0 0 0
0 0 0

0 0 255
0 0 0
0 255 0
0 0 0
255 0 0
0 0 0
0 0 220
0 0 0
0 220 0
0 0 0
220 0 0
0 0 0
0 0 180
0 0 0
0 180 0
0 0 0
180 0 0
0 0 0
0 0 140 
0 0 0
0 0 255
0 0 0
0 255 0
0 0 0
255 0 0
0 0 0
0 0 220
0 0 0
0 220 0
0 0 0
0 0 255
0 0 0
0 255 0
0 0 0
255 0 0
0 0 0
0 0 220
0 0 0
0 220 0