 199999999

 199999997

 199999995

 199999993

 199999991

 199999989

 199999987

 199999985

 199999983

 199999981

 199999979

 199999977

 199999975

 199999973

 199999971

 199999969

 199999967

 199999965

 199999963

 199999961

 199999959

 199999957

 199999955

 199999953

 199999951

 199999949

 199999947

 199999945

 199999943

 199999941

 199999939

 199999937

 199999935

 199999933

 199999931

 199999929

 199999927

 199999925

 199999923

 199999921

 199999919

 199999917

 199999915

 199999913

 199999911

 199999909

 199999907

 199999905

 199999903

 199999901

 199999899

 199999897

 199999895

 199999893

 199999891

 199999889

 199999887

 199999885

 199999883

 199999881

 199999879

 199999877

 199999875

 199999873

 199999871

 199999869

 199999867

 199999865

 199999863

 199999861

 199999859

 199999857

 199999855

 199999853

 199999851

 199999849

 199999847

 199999845

 199999843

 199999841

 199999839

 199999837

 199999835

 199999833

 199999831

 199999829

 199999827

 199999825

 199999823

 199999821

 199999819

 199999817

 199999815

 199999813

 199999811

 199999809

 199999807

 199999805

 199999803

 199999801

